{"Name":"Cluttered static scene for BSc project Dannevig0001.qtm","MeasurementCreation":"2024-01-22T10:29:19.339","ExportTime":"2024-01-22T09:32:56.414","User":"University of Agder","QtmVersion":"2023.3 (build 12577)","CurrentFrame":1,"TraceRange":{"Start":1,"End":1},"Timebase":{"Frequency":25.000000,"Range":{"Start":1,"End":250},"SequenceCodeStartOffset":0},"Cameras":[{"Active":true,"Calibrated":true,"PointCount":1600,"AvgResidual":0.549945,"ExposureDelay":0,"Serial":25142,"Model":"Miqus Hybrid","ViewRotation":0,"FovMarker":{"Left":0,"Top":0,"Right":1919,"Bottom":1087},"FovVideo":{"Left":0,"Top":0,"Right":1919,"Bottom":1087},"SensorSize":{"HeightMM":5.984000,"WidthMM":10.560000},"FovMarkerMax":{"Left":0,"Top":0,"Right":1919,"Bottom":1087},"FovVideoMax":{"Left":0,"Top":0,"Right":1919,"Bottom":1087},"Transform":{"x":-3062.192139,"y":4646.928223,"z":2679.073730,"r11":-0.245471,"r12":0.266457,"r13":-0.932065,"r21":-0.820198,"r22":-0.569603,"r23":0.053173,"r31":-0.516738,"r32":0.777530,"r33":0.358369},"Intrinsic":{"FocalLength":9.213887,"SensorMinU":0.000000,"SensorMaxU":122879.000000,"SensorMinV":0.000000,"SensorMaxV":69631.000000,"FocalLengthU":107213.664062,"FocalLengthV":107218.601562,"CenterPointU":62127.625000,"CenterPointV":35807.625000,"Skew":0.000000,"RadialDistortion1":-0.051415,"RadialDistortion2":0.127098,"RadialDistortion3":0.000000,"TangentalDistortion1":0.000673,"TangentalDistortion2":0.000526}},{"Active":true,"Calibrated":true,"PointCount":1416,"AvgResidual":0.462100,"ExposureDelay":0,"Serial":24662,"Model":"Miqus Hybrid","ViewRotation":0,"FovMarker":{"Left":0,"Top":0,"Right":1919,"Bottom":1087},"FovVideo":{"Left":0,"Top":0,"Right":1919,"Bottom":1087},"SensorSize":{"HeightMM":5.984000,"WidthMM":10.560000},"FovMarkerMax":{"Left":0,"Top":0,"Right":1919,"Bottom":1087},"FovVideoMax":{"Left":0,"Top":0,"Right":1919,"Bottom":1087},"Transform":{"x":726.027039,"y":-1857.099731,"z":1898.479736,"r11":0.979539,"r12":0.201137,"r13":0.006853,"r21":-0.102261,"r22":0.468107,"r23":0.877735,"r31":0.173336,"r32":-0.860476,"r33":0.479098},"Intrinsic":{"FocalLength":9.259758,"SensorMinU":0.000000,"SensorMaxU":122879.000000,"SensorMinV":0.000000,"SensorMaxV":69631.000000,"FocalLengthU":107750.828125,"FocalLengthV":107748.992188,"CenterPointU":60782.343750,"CenterPointV":35322.070312,"Skew":0.000000,"RadialDistortion1":-0.054077,"RadialDistortion2":0.136232,"RadialDistortion3":0.000000,"TangentalDistortion1":0.000512,"TangentalDistortion2":-0.000106}},{"Active":true,"Calibrated":true,"PointCount":1416,"AvgResidual":0.528781,"ExposureDelay":0,"Serial":25141,"Model":"Miqus Hybrid","ViewRotation":0,"FovMarker":{"Left":0,"Top":0,"Right":1919,"Bottom":1087},"FovVideo":{"Left":0,"Top":0,"Right":1919,"Bottom":1087},"SensorSize":{"HeightMM":5.984000,"WidthMM":10.560000},"FovMarkerMax":{"Left":0,"Top":0,"Right":1919,"Bottom":1087},"FovVideoMax":{"Left":0,"Top":0,"Right":1919,"Bottom":1087},"Transform":{"x":-2503.200928,"y":1387.351807,"z":1343.142700,"r11":-0.056442,"r12":-0.995651,"r13":0.074119,"r21":0.369140,"r22":0.048167,"r23":0.928125,"r31":-0.927658,"r32":0.079745,"r33":0.364816},"Intrinsic":{"FocalLength":9.243228,"SensorMinU":0.000000,"SensorMaxU":122879.000000,"SensorMinV":0.000000,"SensorMaxV":69631.000000,"FocalLengthU":107558.281250,"FocalLengthV":107556.835938,"CenterPointU":62220.476562,"CenterPointV":31900.205078,"Skew":0.000000,"RadialDistortion1":-0.049659,"RadialDistortion2":0.132778,"RadialDistortion3":0.000000,"TangentalDistortion1":-0.000432,"TangentalDistortion2":0.000186}},{"Active":true,"Calibrated":true,"PointCount":1889,"AvgResidual":0.414390,"ExposureDelay":110,"Serial":24659,"Model":"Miqus Hybrid","ViewRotation":0,"FovMarker":{"Left":0,"Top":0,"Right":1919,"Bottom":1087},"FovVideo":{"Left":0,"Top":0,"Right":1919,"Bottom":1087},"SensorSize":{"HeightMM":5.984000,"WidthMM":10.560000},"FovMarkerMax":{"Left":0,"Top":0,"Right":1919,"Bottom":1087},"FovVideoMax":{"Left":0,"Top":0,"Right":1919,"Bottom":1087},"Transform":{"x":1776.012939,"y":4474.892090,"z":1106.496582,"r11":-0.897830,"r12":0.433634,"r13":0.076571,"r21":-0.022054,"r22":-0.217953,"r23":0.975710,"r31":0.439790,"r32":0.874333,"r33":0.205248},"Intrinsic":{"FocalLength":9.265289,"SensorMinU":0.000000,"SensorMaxU":122879.000000,"SensorMinV":0.000000,"SensorMaxV":69631.000000,"FocalLengthU":107817.695312,"FocalLengthV":107810.843750,"CenterPointU":60505.718750,"CenterPointV":32535.775391,"Skew":0.000000,"RadialDistortion1":-0.050227,"RadialDistortion2":0.133928,"RadialDistortion3":0.000000,"TangentalDistortion1":0.001007,"TangentalDistortion2":0.001125}},{"Active":true,"Calibrated":true,"PointCount":1769,"AvgResidual":0.442259,"ExposureDelay":110,"Serial":24657,"Model":"Miqus Hybrid","ViewRotation":0,"FovMarker":{"Left":0,"Top":0,"Right":1919,"Bottom":1087},"FovVideo":{"Left":0,"Top":0,"Right":1919,"Bottom":1087},"SensorSize":{"HeightMM":5.984000,"WidthMM":10.560000},"FovMarkerMax":{"Left":0,"Top":0,"Right":1919,"Bottom":1087},"FovVideoMax":{"Left":0,"Top":0,"Right":1919,"Bottom":1087},"Transform":{"x":-1708.189697,"y":-1959.208740,"z":1383.210449,"r11":0.849432,"r12":-0.527002,"r13":-0.027091,"r21":0.167800,"r22":0.221077,"r23":0.960712,"r31":-0.500309,"r32":-0.820606,"r33":0.276221},"Intrinsic":{"FocalLength":9.239057,"SensorMinU":0.000000,"SensorMaxU":122879.000000,"SensorMinV":0.000000,"SensorMaxV":69631.000000,"FocalLengthU":107518.468750,"FocalLengthV":107499.578125,"CenterPointU":62504.554688,"CenterPointV":34853.644531,"Skew":0.000000,"RadialDistortion1":-0.049817,"RadialDistortion2":0.131558,"RadialDistortion3":0.000000,"TangentalDistortion1":-0.000224,"TangentalDistortion2":0.000354}},{"Active":true,"Calibrated":true,"PointCount":1828,"AvgResidual":0.461356,"ExposureDelay":110,"Serial":24660,"Model":"Miqus Hybrid","ViewRotation":0,"FovMarker":{"Left":0,"Top":0,"Right":1919,"Bottom":1087},"FovVideo":{"Left":0,"Top":0,"Right":1919,"Bottom":1087},"SensorSize":{"HeightMM":5.984000,"WidthMM":10.560000},"FovMarkerMax":{"Left":0,"Top":0,"Right":1919,"Bottom":1087},"FovVideoMax":{"Left":0,"Top":0,"Right":1919,"Bottom":1087},"Transform":{"x":3095.469482,"y":-406.582520,"z":1368.534302,"r11":0.524947,"r12":0.848895,"r13":-0.061707,"r21":-0.214614,"r22":0.202174,"r23":0.955545,"r31":0.823633,"r32":-0.488367,"r33":0.288316},"Intrinsic":{"FocalLength":9.282766,"SensorMinU":0.000000,"SensorMaxU":122879.000000,"SensorMinV":0.000000,"SensorMaxV":69631.000000,"FocalLengthU":108018.710938,"FocalLengthV":108016.562500,"CenterPointU":61360.359375,"CenterPointV":33504.636719,"Skew":0.000000,"RadialDistortion1":-0.051522,"RadialDistortion2":0.133735,"RadialDistortion3":0.000000,"TangentalDistortion1":0.000480,"TangentalDistortion2":-0.001118}},{"Active":true,"Calibrated":true,"PointCount":1911,"AvgResidual":0.424438,"ExposureDelay":110,"Serial":24658,"Model":"Miqus Hybrid","ViewRotation":0,"FovMarker":{"Left":0,"Top":0,"Right":1919,"Bottom":1087},"FovVideo":{"Left":0,"Top":0,"Right":1919,"Bottom":1087},"SensorSize":{"HeightMM":5.984000,"WidthMM":10.560000},"FovMarkerMax":{"Left":0,"Top":0,"Right":1919,"Bottom":1087},"FovVideoMax":{"Left":0,"Top":0,"Right":1919,"Bottom":1087},"Transform":{"x":3649.843262,"y":2977.540283,"z":1368.176758,"r11":-0.405580,"r12":0.913893,"r13":0.017446,"r21":-0.183356,"r22":-0.100041,"r23":0.977943,"r31":0.895480,"r32":0.393436,"r33":0.208143},"Intrinsic":{"FocalLength":9.261298,"SensorMinU":0.000000,"SensorMaxU":122879.000000,"SensorMinV":0.000000,"SensorMaxV":69631.000000,"FocalLengthU":107767.195312,"FocalLengthV":107768.453125,"CenterPointU":62129.976562,"CenterPointV":32914.437500,"Skew":0.000000,"RadialDistortion1":-0.050540,"RadialDistortion2":0.135939,"RadialDistortion3":0.000000,"TangentalDistortion1":0.000217,"TangentalDistortion2":-0.000525}},{"Active":true,"Calibrated":true,"PointCount":1956,"AvgResidual":0.410058,"ExposureDelay":220,"Serial":24661,"Model":"Miqus Hybrid","ViewRotation":0,"FovMarker":{"Left":0,"Top":0,"Right":1919,"Bottom":1087},"FovVideo":{"Left":0,"Top":0,"Right":1919,"Bottom":1087},"SensorSize":{"HeightMM":5.984000,"WidthMM":10.560000},"FovMarkerMax":{"Left":0,"Top":0,"Right":1919,"Bottom":1087},"FovVideoMax":{"Left":0,"Top":0,"Right":1919,"Bottom":1087},"Transform":{"x":2028.837036,"y":4725.738281,"z":2698.504639,"r11":-0.184310,"r12":-0.374483,"r13":0.908731,"r21":0.864590,"r22":-0.501502,"r23":-0.031309,"r31":0.467455,"r32":0.779909,"r33":0.416206},"Intrinsic":{"FocalLength":9.258185,"SensorMinU":0.000000,"SensorMaxU":122879.000000,"SensorMinV":0.000000,"SensorMaxV":69631.000000,"FocalLengthU":107728.562500,"FocalLengthV":107734.656250,"CenterPointU":60480.175781,"CenterPointV":33094.355469,"Skew":0.000000,"RadialDistortion1":-0.051717,"RadialDistortion2":0.130683,"RadialDistortion3":0.000000,"TangentalDistortion1":0.000414,"TangentalDistortion2":0.000074}}]}